start_lat = 41.013503273814344
start_lng =  29.03877220976081
end_lat = 40.99608213805624
end_lng = 29.03373887879619